parte1:
J=0.69315
grad = -0.1, -12.00922, -11.26284
bien = 89%

parte2:
J=0.69315